# radius(arcsec)   Vrot(km/s)
# this is a Hernquist model with an effective radius of 21.5 arcsec = 5.0 kpc
# total mass = 1.85 * 10^11 Msol
#  1 arcsec = 232 pc
#
0.02 19.8323683079
0.04 28.0000235788
0.06 34.2352950917
0.08 39.4652372348
0.1 44.0496253371
0.12 48.1733172443
0.14 51.9463301916
0.16 55.4404794701
0.18 58.7057411921
0.2 61.7785709777
0.22 64.6865419081
0.24 67.4511163106
0.26 70.0893947677
0.28 72.6152691221
0.3 75.0402104767
0.32 77.3738242698
0.34 79.6242514703
0.36 81.7984650569
0.38 83.9024933893
0.4 85.9415913827
0.42 87.9203736731
0.44 89.8429196155
0.46 91.7128570773
0.48 93.5334300442
0.5 95.3075537058
0.52 97.0378597482
0.54 98.7267339029
0.56 100.376347313
0.58 101.988682919
0.6 103.565557801
0.62 105.108642206
0.64 106.619475848
0.66 108.099481946
0.68 109.549979366
0.7 110.972193178
0.72 112.36726387
0.74 113.736255427
0.76 115.080162434
0.78 116.399916356
0.8 117.696391093
0.82 118.970407928
0.84 120.222739925
0.86 121.454115878
0.88 122.665223838
0.9 123.856714289
0.92 125.029203016
0.94 126.183273686
0.96 127.31948019
0.98 128.43834877
1.0 129.540379951
1.02 130.6260503
1.04 131.695814038
1.06 132.750104504
1.08 133.789335508
1.1 134.813902562
1.12 135.824184023
1.14 136.820542133
1.16 137.803323991
1.18 138.772862439
1.2 139.729476889
1.22 140.673474085
1.24 141.605148813
1.26 142.524784558
1.28 143.432654113
1.3 144.32902015
1.32 145.214135751
1.34 146.0882449
1.36 146.951582946
1.38 147.804377035
1.4 148.646846515
1.42 149.47920331
1.44 150.301652284
1.46 151.114391564
1.48 151.91761286
1.5 152.711501756
1.52 153.496237988
1.54 154.271995705
1.56 155.038943714
1.58 155.797245715
1.6 156.547060513
1.62 157.288542233
1.64 158.021840512
1.66 158.747100681
1.68 159.464463947
1.7 160.174067553
1.72 160.876044939
1.74 161.570525891
1.76 162.257636679
1.78 162.937500197
1.8 163.61023609
1.82 164.275960871
1.84 164.934788043
1.86 165.586828206
1.88 166.232189162
1.9 166.870976017
1.92 167.503291274
1.94 168.129234928
1.96 168.748904549
1.98 169.362395366
2.0 169.969800349
2.02 170.571210283
2.04 171.16671384
2.06 171.756397649
2.08 172.340346363
2.1 172.918642725
2.12 173.491367622
2.14 174.058600154
2.16 174.620417678
2.18 175.176895875
2.2 175.728108788
2.22 176.274128885
2.24 176.815027095
2.26 177.350872863
2.28 177.881734188
2.3 178.407677668
2.32 178.92876854
2.34 179.445070719
2.36 179.956646837
2.38 180.463558279
2.4 180.965865216
2.42 181.463626641
2.44 181.9569004
2.46 182.445743225
2.48 182.930210762
2.5 183.410357603
2.52 183.886237312
2.54 184.357902452
2.56 184.825404613
2.58 185.288794436
2.6 185.748121636
2.62 186.203435031
2.64 186.654782559
2.66 187.102211303
2.68 187.545767511
2.7 187.98549662
2.72 188.42144327
2.74 188.853651331
2.76 189.282163915
2.78 189.707023396
2.8 190.128271433
2.82 190.545948979
2.84 190.960096301
2.86 191.370752999
2.88 191.777958015
2.9 192.181749656
2.92 192.582165601
2.94 192.97924292
2.96 193.373018087
2.98 193.763526992
3.0 194.150804956
3.02 194.534886739
3.04 194.915806559
3.06 195.2935981
3.08 195.668294523
3.1 196.039928479
3.12 196.408532119
3.14 196.774137104
3.16 197.136774618
3.18 197.496475374
3.2 197.853269628
3.22 198.207187185
3.24 198.55825741
3.26 198.906509236
3.28 199.251971176
3.3 199.594671325
3.32 199.934637376
3.34 200.271896622
3.36 200.606475967
3.38 200.938401933
3.4 201.267700667
3.42 201.594397949
3.44 201.918519199
3.46 202.240089482
3.48 202.559133519
3.5 202.875675689
3.52 203.189740039
3.54 203.501350287
3.56 203.810529831
3.58 204.117301754
3.6 204.421688828
3.62 204.723713525
3.64 205.023398013
3.66 205.320764174
3.68 205.615833596
3.7 205.908627589
3.72 206.199167186
3.74 206.487473144
3.76 206.773565956
3.78 207.057465851
3.8 207.339192799
3.82 207.618766518
3.84 207.896206475
3.86 208.171531892
3.88 208.444761753
3.9 208.715914801
3.92 208.98500955
3.94 209.252064282
3.96 209.517097057
3.98 209.780125712
4.0 210.041167866
4.02 210.300240927
4.04 210.557362089
4.06 210.812548341
4.08 211.065816468
4.1 211.317183056
4.12 211.56666449
4.14 211.814276967
4.16 212.060036488
4.18 212.303958868
4.2 212.546059739
4.22 212.786354548
4.24 213.024858566
4.26 213.261586886
4.28 213.496554427
4.3 213.729775938
4.32 213.961266002
4.34 214.191039031
4.36 214.41910928
4.38 214.645490839
4.4 214.870197643
4.42 215.093243467
4.44 215.314641938
4.46 215.534406527
4.48 215.752550559
4.5 215.969087212
4.52 216.184029518
4.54 216.397390367
4.56 216.60918251
4.58 216.819418559
4.6 217.028110988
4.62 217.23527214
4.64 217.440914222
4.66 217.645049314
4.68 217.847689364
4.7 218.048846195
4.72 218.248531505
4.74 218.446756869
4.76 218.643533739
4.78 218.838873448
4.8 219.032787211
4.82 219.225286127
4.84 219.416381178
4.86 219.606083234
4.88 219.794403055
4.9 219.981351286
4.92 220.166938469
4.94 220.351175033
4.96 220.534071306
4.98 220.715637508
5.0 220.895883757
5.02 221.074820072
5.04 221.252456366
5.06 221.428802459
5.08 221.60386807
5.1 221.777662821
5.12 221.950196241
5.14 222.121477763
5.16 222.29151673
5.18 222.460322391
5.2 222.627903905
5.22 222.794270343
5.24 222.959430687
5.26 223.123393833
5.28 223.28616859
5.3 223.447763682
5.32 223.608187753
5.34 223.767449359
5.36 223.925556978
5.38 224.082519007
5.4 224.238343762
5.42 224.393039483
5.44 224.546614329
5.46 224.699076385
5.48 224.85043366
5.5 225.000694087
5.52 225.149865527
5.54 225.297955766
5.56 225.444972519
5.58 225.590923429
5.6 225.735816071
5.62 225.879657947
5.64 226.022456493
5.66 226.164219077
5.68 226.304952998
5.7 226.444665491
5.72 226.583363723
5.74 226.721054799
5.76 226.857745758
5.78 226.993443578
5.8 227.128155172
5.82 227.261887392
5.84 227.39464703
5.86 227.526440817
5.88 227.657275425
5.9 227.787157466
5.92 227.916093493
5.94 228.044090005
5.96 228.171153439
5.98 228.297290181
6.0 228.422506556
6.02 228.546808839
6.04 228.670203246
6.06 228.792695943
6.08 228.91429304
6.1 229.035000596
6.12 229.154824618
6.14 229.27377106
6.16 229.391845826
6.18 229.509054771
6.2 229.625403698
6.22 229.740898361
6.24 229.855544468
6.26 229.969347675
6.28 230.082313593
6.3 230.194447785
6.32 230.305755767
6.34 230.416243009
6.36 230.525914936
6.38 230.634776928
6.4 230.742834319
6.42 230.8500924
6.44 230.956556418
6.46 231.062231576
6.48 231.167123035
6.5 231.271235913
6.52 231.374575287
6.54 231.477146193
6.56 231.578953623
6.58 231.680002532
6.6 231.780297832
6.62 231.879844398
6.64 231.978647062
6.66 232.07671062
6.68 232.174039829
6.7 232.270639406
6.72 232.366514033
6.74 232.461668353
6.76 232.556106971
6.78 232.649834457
6.8 232.742855345
6.82 232.835174131
6.84 232.926795278
6.86 233.017723211
6.88 233.107962324
6.9 233.197516972
6.92 233.28639148
6.94 233.374590136
6.96 233.462117197
6.98 233.548976884
7.0 233.635173388
7.02 233.720710866
7.04 233.805593444
7.06 233.889825215
7.08 233.97341024
7.1 234.056352551
7.12 234.138656146
7.14 234.220324995
7.16 234.301363037
7.18 234.381774179
7.2 234.461562302
7.22 234.540731254
7.24 234.619284855
7.26 234.697226897
7.28 234.774561143
7.3 234.851291326
7.32 234.927421153
7.34 235.002954302
7.36 235.077894424
7.38 235.152245142
7.4 235.226010054
7.42 235.299192727
7.44 235.371796706
7.46 235.443825508
7.48 235.515282622
7.5 235.586171514
7.52 235.656495623
7.54 235.726258364
7.56 235.795463125
7.58 235.864113269
7.6 235.932212137
7.62 235.999763044
7.64 236.06676928
7.66 236.133234112
7.68 236.199160783
7.7 236.264552512
7.72 236.329412496
7.74 236.393743908
7.76 236.457549898
7.78 236.520833593
7.8 236.583598098
7.82 236.645846497
7.84 236.707581849
7.86 236.768807194
7.88 236.829525547
7.9 236.889739906
7.92 236.949453243
7.94 237.008668512
7.96 237.067388645
7.98 237.125616554
8.0 237.183355129
8.02 237.24060724
8.04 237.297375737
8.06 237.353663452
8.08 237.409473193
8.1 237.464807752
8.12 237.5196699
8.14 237.574062387
8.16 237.627987948
8.18 237.681449295
8.2 237.734449122
8.22 237.786990107
8.24 237.839074906
8.26 237.890706159
8.28 237.941886485
8.3 237.992618489
8.32 238.042904755
8.34 238.092747849
8.36 238.142150323
8.38 238.191114707
8.4 238.239643516
8.42 238.287739249
8.44 238.335404386
8.46 238.38264139
8.48 238.429452708
8.5 238.475840772
8.52 238.521807995
8.54 238.567356774
8.56 238.612489491
8.58 238.657208512
8.6 238.701516187
8.62 238.745414848
8.64 238.788906814
8.66 238.831994388
8.68 238.874679858
8.7 238.916965494
8.72 238.958853553
8.74 239.000346279
8.76 239.041445897
8.78 239.08215462
8.8 239.122474644
8.82 239.162408155
8.84 239.201957319
8.86 239.241124291
8.88 239.279911211
8.9 239.318320205
8.92 239.356353386
8.94 239.394012851
8.96 239.431300686
8.98 239.46821896
9.0 239.504769732
9.02 239.540955045
9.04 239.57677693
9.06 239.612237405
9.08 239.647338474
9.1 239.682082129
9.12 239.716470348
9.14 239.750505097
9.16 239.784188328
9.18 239.817521984
9.2 239.850507991
9.22 239.883148265
9.24 239.915444711
9.26 239.947399218
9.28 239.979013667
9.3 240.010289924
9.32 240.041229845
9.34 240.071835273
9.36 240.10210804
9.38 240.132049966
9.4 240.16166286
9.42 240.190948519
9.44 240.219908727
9.46 240.248545261
9.48 240.276859884
9.5 240.304854346
9.52 240.332530391
9.54 240.359889747
9.56 240.386934135
9.58 240.413665264
9.6 240.44008483
9.62 240.466194522
9.64 240.491996016
9.66 240.517490978
9.68 240.542681066
9.7 240.567567924
9.72 240.592153189
9.74 240.616438485
9.76 240.640425428
9.78 240.664115624
9.8 240.687510667
9.82 240.710612144
9.84 240.733421631
9.86 240.755940693
9.88 240.778170888
9.9 240.800113762
9.92 240.821770853
9.94 240.84314369
9.96 240.864233791
9.98 240.885042666
